$ANSIBLE_VAULT;1.1;AES256
31353937666164373739353935316162396234336338333962326264643431633864383232336134
6561633764656439376130373337643033346339306561350a636532646434393635396332613031
39303430303262343238633131356637376235326236663833393362346630316331396238613564
3635323834373131390a636361346330636536626539386334353536373962336130306239373030
35616238303533303366643664313937353335386234643165316662373236313931326538313635
62623634666266623565356463363733663666363533356637663136333563303666356464326163
38633163366632333236613436393063393166313664336564666234613033326634373038633736
36663039653434396239373738366331313864646262643964623262343263636533643230333638
30346633313765323637343765323365633030306235666336306464366263316438306265643237
61303762636465336163626536363562653762306263646239626462393034383839303836376362
32653263613464356339646565646437386563383536306435656462303634656265643638366366
38633334396263656634666636663534326635633934636230353432366437373439363230313164
34633362303631616161373839376230626331303264626133633334336263626663363364653036
64313634343031633465653438393635393635366239646530313863383539363633623136343333
31376166613930623736626262316265356134636135656361313138313365653534653763363338
36663165353035353634643534643936623737346131393163653432356338356631636339366234
61666264623437653232663963383639366534653033633938333966306230343966313366336662
65353232656362636363353438633033646462656162313331633930333634656562656562396262
31336230333630353230333264316534303766623932363963336163663833326463333832303938
35323434366437386564336662376464656539653330323431656664353833643538303162623334
62323039363934636238663138633130646333316634393131623038666337666338613233363335
34656233373030393635656632646364353434336230323830636234373134386162356636356333
30613966643266653665336235326566386230636438663265663135663462613963316464666136
36613966326465393865376334636266323337633666376362363335613535386362313431323462
66653835663731326330303832656132313439323439663839613936383133336238393137643834
6164636237666131613638633665373234323162623265323431
