$ANSIBLE_VAULT;1.1;AES256
66343232373033323438316231356638636335313434373061336436343438666633316164363466
3032306163306337643064366439393263323134343362300a306663376335353065313565333138
62366539643663383330306431353963346662396630623036353438333637336632353134373031
6532663130336138610a303466616138633030356137363163386461336138363830343963353965
37373661626661383536623264393733623439306535613735633033333931303463626639663263
65343832306332396237313536313836626632303735636661613637626462633633373863306266
31626366316565313035356231396264383932346337356466363163383665326130306532623338
39383331383430353065393130356562373537663961633135363363343663646464623164623532
38393834363138326636363462396363626238306565313630646138376565643438663136386635
38393864353530663238313338346137363231613931326265346535643863336266336139366234
32386636626532303364643433633766663239336361666464623531333462346561366531393239
62323332653561383432333036633965373466653866626361353763636235373162386233343931
37353866313464633837643165306435313737663332366233303966303839303061613661326466
66313038326235316538356137646237313339356333623765343637663165393162363362633633
34336165383039623664656164396134626231336534643430396138656231343137616135653439
64386335353431646331646331363364653161356438363239663436326238626662636164313564
64313334326236313166346263643030383737303265363732656335306562343936393730356336
34616531366633313366326138636535303038616265636332636333353332646538303562393431
63663437376639613931303764656661626563346133316562326630306633363134616239333732
36636436616661356163303335323639616134393638356332373465666362393766306434393937
38653066326533323536303735393032316135313566396531656232393539643635333564336662
39333530626233663766613566353233383365333835373131353564313830646233316534333636
66353031636461393831383536356437636364343965313939336264333632393366333762316436
64316666626464653736643233363566333237633931363037396537666333393037643166393032
38366163613934646464646634323466636138373136323933623534373538643564633961653964
3962376234373366343936306634356431313065636232343361
