$ANSIBLE_VAULT;1.1;AES256
37616432376339653062313163363236323664353436353338363033306135646131666661356130
3262396363633865333461373336386164313934363835390a333132626365643638636236653261
35303538336135383962666238666536646364313336346537353936303031663132333633626434
3834356363373062310a303734393636646538613239316435366266313637653331353965383933
63643130383530316430636337376434646561343439633566363137653434363834383131313162
30313063653733346264396662633133633230653533333363393462373966316330333430616637
30623834343131383436393437646536396239306264303736666430623437613834613765323039
36623834363462653563663836386365656239343837643835666132366132306430376361333435
30306634616630363534613433336131313236303762313439626333303663626434316534393235
31313135323738313434356265353838383532363164613764613437613032656330633534333866
64316633356534663662336635646365333736333335393138366430386230656233653831333266
39643465363366366536393830636666333939633036646264616463326664346239386234396664
38313535336166323036396666323861306337373433383863666434646239643765663736613261
66376435333932306436643936663737323262633335303064656132666436366261653739373635
31653430386562653637376237666532636437386432363334343864363432373637663935646461
37383233343461303130376230333235646430366430666261613239346235316162303064386361
36336132343939643962343139656266363530646536366561623635616339616264363433633033
64383436626332653333303361373766643634343965616239613734366266373839303438363033
30653139623632623231633439633236333939663033653532356262346533356330343935343963
36313532643131356534396165343031383963333439633866646239386634303235373565646361
62326164316435353933653865356633633536333638656639383630323465303735633238303066
32626662383033313764656631663563636332313137633565363934306566333633346565306535
35313863613435303862356335366634366430373430313439383265343038323033356630633639
33393366386165386564346437653439373466323966666562623865303036333237663261393735
35613466336439653361653438636361333330636137373438373764653864396563396434303161
3463643134366661393738323635323466383634646266653263
